0 0.239819 0.252072 0.072282 0.099155
0 0.236266 0.396606 0.065175 0.085714
0 0.305587 0.413418 0.075838 0.085714
0 0.249299 0.614254 0.055693 0.104199
0 0.195384 0.644511 0.068731 0.094120
0 0.462596 0.632743 0.062799 0.087395
0 0.783726 0.401650 0.084135 0.102526
0 0.968589 0.246188 0.062821 0.097474
0 0.929480 0.059637 0.091247 0.107561
0 0.681224 0.092407 0.066355 0.095801
0 0.623753 0.032336 0.074652 0.064672
0 0.621978 0.120979 0.061619 0.115959
0 0.481555 0.135264 0.112571 0.127735
1 0.072738 0.526863 0.060434 0.144538
1 0.588798 0.268879 0.042660 0.082352
1 0.594129 0.504175 0.036739 0.142857
1 0.930665 0.898287 0.043845 0.053781
0 0.829349 0.906693 0.078208 0.178153
