0 0.172504 0.179670 0.049588 0.043902
0 0.336008 0.238766 0.050305 0.039168
0 0.385603 0.200603 0.043115 0.038508
0 0.412198 0.236736 0.043115 0.040531
0 0.359374 0.362030 0.051023 0.046614
0 0.505992 0.147245 0.051038 0.046600
0 0.413992 0.145222 0.053908 0.038508
0 0.303313 0.563989 0.049588 0.042554
0 0.284985 0.599778 0.050305 0.034448
0 0.248687 0.640983 0.042412 0.039842
0 0.251916 0.679813 0.044565 0.036471
0 0.300076 0.775725 0.044550 0.036471
0 0.348947 0.901019 0.051756 0.050646
0 0.471855 0.835165 0.040260 0.035122
0 0.481557 0.752425 0.043847 0.042554
0 0.378420 0.776069 0.048870 0.039857
0 0.420099 0.681506 0.050305 0.043902
0 0.545160 0.716291 0.058931 0.041879
0 0.650458 0.601471 0.046718 0.041879
0 0.721260 0.599785 0.047435 0.042554
0 0.725206 0.638278 0.055328 0.038508
1 0.872908 0.550473 0.023008 0.041205
1 0.871107 0.617339 0.020840 0.049311
1 0.871824 0.690624 0.022275 0.045925
1 0.871107 0.753773 0.020840 0.042554
1 0.127939 0.886162 0.062534 0.033099
1 0.260542 0.885488 0.063252 0.034448
1 0.445977 0.887511 0.066122 0.024978
1 0.531863 0.839218 0.030901 0.059440
1 0.462511 0.581879 0.077634 0.032425
1 0.349664 0.578508 0.070443 0.018910
1 0.232511 0.582561 0.060382 0.027016
1 0.145908 0.350545 0.063969 0.024993
1 0.263779 0.350208 0.071160 0.029713
1 0.465748 0.349534 0.076901 0.028364
1 0.542290 0.302934 0.021557 0.045925
1 0.084809 0.277941 0.043847 0.093214
