1 0.132397 0.888407 0.069008 0.029986
1 0.252282 0.885158 0.065542 0.031607
1 0.436847 0.884756 0.062092 0.029168
1 0.533878 0.834096 0.028458 0.060789
1 0.454916 0.582841 0.084611 0.036471
1 0.877145 0.555689 0.026748 0.045380
1 0.876718 0.621341 0.024153 0.043773
1 0.872832 0.684562 0.025023 0.038910
1 0.874130 0.757095 0.022427 0.057547
1 0.139725 0.348608 0.094015 0.026743
1 0.264351 0.351442 0.091420 0.032410
1 0.472214 0.350631 0.105221 0.032425
1 0.081802 0.281026 0.025863 0.097260
1 0.141824 0.203214 0.063130 0.038910
1 0.239802 0.046428 0.103084 0.046686
1 0.466458 0.034175 0.094382 0.036184
0 0.508260 0.156514 0.051756 0.047001
0 0.419427 0.144354 0.065542 0.038895
0 0.334473 0.243235 0.037099 0.048623
0 0.169305 0.179613 0.036229 0.046198
0 0.365519 0.366435 0.061237 0.048623
0 0.393122 0.203121 0.064687 0.034849
0 0.415115 0.235538 0.070718 0.038106
0 0.251672 0.643221 0.054336 0.031607
0 0.281000 0.601887 0.047435 0.036485
0 0.252969 0.680100 0.053481 0.040516
0 0.468160 0.832877 0.037084 0.038092
0 0.376733 0.778580 0.066412 0.031621
0 0.303427 0.776958 0.054336 0.036471
0 0.480237 0.757102 0.043985 0.051879
0 0.421588 0.684562 0.049160 0.042956
0 0.650145 0.604319 0.040534 0.042956
0 0.723023 0.601887 0.043115 0.041334
0 0.725183 0.639978 0.047435 0.038092
