0 0.583710 0.644093 0.054151 0.094115
0 0.640630 0.644093 0.055267 0.094115
0 0.730155 0.804594 0.050844 0.085708
0 0.811387 0.747456 0.049738 0.082345
0 0.853390 0.642412 0.065209 0.080664
0 0.856154 0.422242 0.057468 0.084041
0 0.869360 0.525605 0.046537 0.089086
1 0.226722 0.317205 0.036469 0.102522
1 0.136644 0.512153 0.114937 0.068909
1 0.518501 0.870981 0.120475 0.053791
1 0.675999 0.875184 0.112735 0.075619
1 0.779336 0.878547 0.067420 0.048746
1 0.885994 0.876018 0.103899 0.063864
1 0.884336 0.137367 0.111620 0.075619
0 0.395272 0.776025 0.066314 0.099159
0 0.393060 0.647456 0.053046 0.114292
0 0.065359 0.396187 0.076266 0.092434
0 0.427871 0.202072 0.071843 0.104204
0 0.288613 0.382751 0.056372 0.095796
0 0.365427 0.403754 0.006625 0.073938
0 0.307405 0.778547 0.062997 0.107566
