0 0.248155 0.249180 0.074286 0.087394
0 0.501220 0.233214 0.096726 0.062181
0 0.734415 0.292037 0.082917 0.065541
0 0.688631 0.380270 0.081190 0.067220
0 0.549573 0.448340 0.089821 0.068919
0 0.605724 0.409681 0.053552 0.065541
0 0.542669 0.557577 0.079464 0.105888
0 0.682589 0.514730 0.048353 0.073938
0 0.686042 0.451708 0.048353 0.058822
0 0.809554 0.406322 0.067361 0.068900
0 0.937371 0.589517 0.060456 0.092432
0 0.771548 0.944141 0.088095 0.072259
0 0.673948 0.944141 0.072540 0.068900
0 0.687768 0.811371 0.072560 0.078996
1 0.056419 0.177751 0.067361 0.139479
1 0.442490 0.050869 0.155456 0.060502
1 0.630764 0.047500 0.165813 0.067239
1 0.793135 0.048340 0.131270 0.065560
1 0.280982 0.525656 0.354107 0.075637
1 0.930456 0.347500 0.084643 0.075618
1 0.915784 0.468504 0.034544 0.062181
1 0.588442 0.697925 0.043194 0.198320
