0 0.411546 0.503243 0.028760 0.060348
0 0.404358 0.421441 0.026365 0.068394
0 0.384585 0.419425 0.034751 0.053640
0 0.396568 0.208207 0.034755 0.057663
0 0.942118 0.424121 0.044938 0.089848
0 0.796218 0.451615 0.017975 0.064371
1 0.151764 0.255638 0.050430 0.043586
1 0.110072 0.483060 0.010984 0.064817
1 0.110821 0.546757 0.011487 0.044701
1 0.156509 0.705450 0.039944 0.022355
1 0.071875 0.641748 0.024468 0.080464
1 0.253376 0.707128 0.046935 0.045816
1 0.330520 0.763564 0.021471 0.082703
1 0.211433 0.229929 0.026963 0.052525
1 0.250379 0.209260 0.059920 0.049170
1 0.356234 0.252841 0.047931 0.051409
1 0.451102 0.207583 0.045935 0.045816
1 0.448607 0.718863 0.040945 0.046931
1 0.346248 0.826704 0.019972 0.041347
1 0.406164 0.734509 0.009984 0.035763
1 0.544974 0.462944 0.020972 0.082694
1 0.929446 0.494790 0.017975 0.074880
0 0.185660 0.237038 0.028760 0.080464
0 0.147013 0.420767 0.026963 0.077788
0 0.186857 0.638689 0.026365 0.079126
0 0.102971 0.643381 0.031156 0.064371
0 0.155699 0.467703 0.025165 0.050963
0 0.154500 0.516655 0.025165 0.071079
0 0.086794 0.727199 0.034751 0.073756
0 0.368406 0.845210 0.035951 0.071079
0 0.374699 0.735914 0.032953 0.050955
0 0.368707 0.679594 0.028159 0.069732
0 0.391477 0.568283 0.023368 0.061686
0 0.473262 0.546155 0.027561 0.049616
0 0.497529 0.478430 0.032953 0.080464
