1 0.324472 0.884425 0.095256 0.064617
1 0.435778 0.876583 0.046588 0.064617
1 0.588497 0.860927 0.051770 0.048952
1 0.936903 0.393931 0.036237 0.054839
1 0.562612 0.217712 0.128380 0.093972
0 0.293364 0.247863 0.057814 0.083226
0 0.315800 0.294375 0.038827 0.055484
0 0.294222 0.400433 0.038827 0.071794
0 0.435725 0.347399 0.030192 0.099516
0 0.140645 0.666401 0.047452 0.075060
0 0.186375 0.486905 0.033646 0.081593
0 0.540991 0.460806 0.031919 0.048952
0 0.557383 0.661502 0.031930 0.071794
0 0.595778 0.730847 0.043134 0.106048
0 0.647548 0.789587 0.050043 0.106069
0 0.651860 0.570131 0.037964 0.117480
0 0.708806 0.586442 0.043134 0.084859
0 0.864115 0.787137 0.100085 0.146855
1 0.158300 0.289173 0.088006 0.048952
1 0.185736 0.879526 0.107676 0.117480
