1 0.076884 0.518122 0.042660 0.139495
1 0.590573 0.296275 0.055693 0.142857
1 0.586427 0.498792 0.028436 0.121010
1 0.594129 0.729886 0.029627 0.183197
1 0.929480 0.904676 0.041475 0.055462
0 0.242190 0.263500 0.065170 0.104207
0 0.302624 0.396275 0.074652 0.100837
0 0.480370 0.131567 0.086505 0.115967
0 0.629085 0.139972 0.066361 0.166385
0 0.680042 0.092912 0.061619 0.085714
0 0.922368 0.058457 0.091247 0.104207
0 0.973923 0.245852 0.052154 0.095793
0 0.781948 0.391231 0.066355 0.097474
0 0.833495 0.784507 0.067546 0.097474
0 0.826386 0.933248 0.069911 0.115967
0 0.477407 0.629886 0.078208 0.067222
0 0.197755 0.638291 0.061619 0.084033
0 0.255818 0.620643 0.063990 0.109242
