1 0.446959 0.204456 0.041945 0.039117
0 0.190211 0.651583 0.035448 0.084933
0 0.099835 0.640968 0.032455 0.061472
0 0.088352 0.740428 0.040442 0.092756
0 0.365969 0.847716 0.043440 0.074880
0 0.376206 0.733162 0.023970 0.060348
0 0.366969 0.677850 0.017477 0.074880
0 0.473573 0.551561 0.026963 0.052525
0 0.503529 0.483952 0.029960 0.080464
0 0.416650 0.509657 0.044938 0.082703
0 0.388189 0.570004 0.027959 0.069286
0 0.404167 0.416900 0.027959 0.062578
0 0.384444 0.413546 0.034452 0.051409
0 0.396427 0.217417 0.032455 0.059224
0 0.185219 0.229153 0.025464 0.062587
0 0.149267 0.409639 0.026465 0.056994
0 0.152515 0.464393 0.024966 0.041347
0 0.149269 0.507422 0.025464 0.055879
0 0.845809 0.486748 0.039446 0.065932
0 0.931943 0.435897 0.026963 0.089402
0 0.800622 0.448751 0.025963 0.054755
1 0.108675 0.486632 0.011483 0.060348
1 0.109422 0.545865 0.013982 0.051409
1 0.149119 0.253069 0.041443 0.040232
1 0.249480 0.203894 0.058418 0.033533
1 0.348344 0.245245 0.037445 0.024585
1 0.260965 0.710143 0.053424 0.033524
1 0.164097 0.708470 0.055424 0.023470
1 0.064486 0.628564 0.015978 0.080464
1 0.087951 0.707913 0.027963 0.031293
1 0.447957 0.708470 0.038944 0.032409
