1 0.163655 0.834084 0.123858 0.064431
1 0.063268 0.361326 0.026967 0.079698
1 0.050780 0.152642 0.017982 0.040765
1 0.056275 0.233247 0.026967 0.061619
1 0.150171 0.092491 0.056942 0.035018
1 0.303997 0.084084 0.044949 0.029413
1 0.397887 0.305374 0.110876 0.029395
1 0.500774 0.896263 0.108883 0.023808
1 0.673084 0.901940 0.111878 0.026762
1 0.371916 0.899840 0.036954 0.028149
1 0.937284 0.642206 0.046954 0.106441
1 0.851383 0.400543 0.078909 0.032367
0 0.136681 0.156842 0.051942 0.057562
0 0.303997 0.296904 0.046954 0.104911
0 0.136681 0.494448 0.051942 0.074235
0 0.160654 0.414555 0.051942 0.071566
0 0.109714 0.334786 0.045952 0.063025
0 0.145178 0.327785 0.044949 0.057420
0 0.318484 0.803906 0.071916 0.124502
0 0.275527 0.885205 0.045952 0.096637
0 0.451326 0.709431 0.057931 0.075623
0 0.363928 0.716432 0.060926 0.061619
0 0.617640 0.711539 0.038959 0.068630
0 0.766478 0.479742 0.014987 0.016815
0 0.792944 0.374706 0.039949 0.072829
0 0.494283 0.387313 0.057931 0.086833
