0 0.334518 0.296565 0.047902 0.058359
0 0.208174 0.165261 0.048842 0.048624
0 0.081830 0.263496 0.015967 0.046685
0 0.291309 0.168178 0.038516 0.058351
0 0.094510 0.377776 0.045089 0.096291
0 0.601768 0.368536 0.050730 0.058359
0 0.748776 0.361730 0.055423 0.050571
0 0.716841 0.338387 0.051663 0.040845
1 0.447712 0.199300 0.037568 0.128383
1 0.157918 0.106420 0.077964 0.028206
1 0.352836 0.468713 0.159689 0.038906
1 0.688186 0.479417 0.078904 0.025286
1 0.939468 0.294618 0.021608 0.108930
1 0.557618 0.291215 0.031943 0.071006
